1
2
3
4
5
6
7
8
9
10
11
12
13
14
15
16
17
18
19
20
21
22
23
24
25
26
27
28
29
30
31
32
33
34
35
36
37
38
39
40
41
42
43
44
45
46
47
48
49
50
51
52
53
54
55
56
57
58
59
60
61
62
63
64
65
66
67
68
69
70
71
72
73
74
75
76
77
78
79
80
81
82
83
84
85
86
87
88
89
90
91
92
93
94
95
96
97
98
99
119547
119548
119549
119550
119551
119552
119553
119554
119555
119556
119557
119558
119559
119560
119561
119562
119563
119564
119565
119566
119567
119568
119569
119570
119571
119572
119573
119574
119575
119576
119577
119578
119579
119580
119581
119582
119583
119584
119585
119586
119587
119588
119589
119590
119591
119592
119593
119594
119595
119596
119597
119598
119599
119600
119601
119602
119603
119604
119605
119606
119607
119608
119609
119610
119611
119612
119613
119614
119615
119616
119617
119618
119619
119620
119621
119622
119623
119624
119625
119626
119627
119628
119629
119630
119631
119632
119633
119634
119635
119636
119637
119638
119639
119640
119641
119642
