1
2
3
4
5
6
7
8
9
10
11
12
13
14
15
16
17
18
19
20
21
22
23
24
25
26
27
28
29
30
31
32
33
34
35
36
37
38
39
40
41
42
43
44
45
46
47
48
49
50
51
52
53
54
55
56
57
58
59
60
61
62
63
64
65
66
67
68
69
70
71
72
73
74
75
76
77
78
79
80
81
82
83
84
85
86
87
88
89
90
91
92
93
94
95
96
97
98
99
119547
119548
119549
119550
119551
119552
119553
119554
119555
119556
119557
119558
119559
119560
119561
119562
119563
119564
119565
119566
119567
119568
119569
119570
119571
119572
119573
119574
119575
119576
119577
119578
119579
119580
119581
119582
119583
119584
119585
119586
119587
119588
119589
119590
119591
119592
119593
119594
119595
119596
119597
119598
119599
119600
119601
119602
119603
119604
119605
119606
119607
119608
119609
119610
119611
119612
119613
119614
119615
119616
119617
119618
119619
119620
119621
119622
119623
119624
119625
119626
119627
119628
119629
119630
119631
119632
119633
119634
119635
119636
119637
119638
119639
119640
119641
119642
119643
119644
119645
119646
119647
119648
119649
119650
119651
119652
119653
119654
119655
119656
119657
119658
119659
119660
119661
119662
119663
119664
119665
119666
119667
119668
119669
119670
119671
119672
119673
119674
119675
119676
119677
119678
119679
119680
119681
119682
119683
119684
119685
119686
119687
119688
119689
119690
119691
119692
119693
119694
119695
119696
119697
119698
119699
119700
119701
119702
119703
119704
119705
119706
119707
119708
119709
119710
119711
119712
119713
119714
119715
119716
119717
119718
119719
119720
119721
119722
119723
119724
119725
119726
119727
119728
119729
119730
119731
119732
119733
119734
119735
119736
119737
119738
119739
119740
119741
119742
119743
119744
119745
119746
119747
119748
119749
119750
119751
119752
119753
119754
119755
119756
119757
119758
119759
119760
119761
119762
119763
119764
119765
119766
119767
119768
119769
119770
119771
119772
119773
119774
119775
119776
119777
119778
119779
119780
119781
119782
119783
119784
119785
119786
119787
119788
119789
119790
119791
119792
119793
119794
119795
119796
119797
119798
119799
119800
119801
119802
119803
119804
119805
119806
119807
119808
119809
119810
119811
119812
119813
119814
119815
119816
119817
119818
119819
119820
119821
119822
119823
119824
119825
119826
119827
119828
119829
119830
119831
119832
119833
119834
119835
119836
119837
119838
119839
119840
119841
119842
119843
119844
119845
119846
119847
119848
119849
119850
119851
119852
119853
119854
119855
119856
119857
119858
119859
119860
119861
119862
119863
119864
119865
119866
119867
119868
119869
119870
119871
119872
119873
119874
119875
119876
119877
119878
119879
119880
119881
119882
119883
119884
119885
119886
119887
119888
119889
119890
119891
119892
119893
119894
119895
119896
119897
119898
119899
119900
119901
119902
119903
119904
119905
119906
119907
119908
119909
119910
119911
119912
119913
119914
119915
119916
119917
119918
119919
119920
119921
119922
119923
119924
119925
119926
119927
119928
119929
119930
119931
119932
119933
119934
119935
119936
119937
119938
119939
119940
119941
119942
119943
119944
119945
119946
119947
119948
119949
119950
119951
119952
119953
119954
119955
119956
119957
119958
119959
119960
119961
119962
119963
119964
119965
119966
119967
119968
119969
119970
119971
119972
119973
119974
119975
119976
119977
119978
119979
119980
119981
119982
119983
119984
119985
119986
119987
119988
119989
119990
119991
119992
119993
119994
119995
119996
119997
119998
119999
120000
120001
120002
120003
120004
120005
120006
120007
120008
120009
120010
120011
120012
120013
120014
120015
120016
120017
120018
120019
120020
120021
120022
120023
120024
120025
120026
120027
120028
120029
120030
120031
120032
120033
120034
120035
120036
120037
120038
120039
120040
120041
120042
120043
120044
120045
120046
120047
120048
120049
120050
120051
120052
120053
120054
120055
120056
120057
120058
120059
120060
120061
120062
120063
120064
120065
120066
120067
120068
120069
120070
120071
120072
120073
120074
120075
120076
120077
120078
120079
120080
120081
120082
120083
120084
120085
120086
120087
120088
120089
120090
120091
120092
120093
120094
120095
120096
120097
120098
120099
120100
120101
120102
120103
120104
120105
120106
120107
120108
120109
120110
120111
120112
120113
120114
120115
120116
120117
120118
120119
120120
120121
120122
120123
120124
120125
120126
120127
120128
120129
120130
120131
120132
120133
120134
120135
120136
120137
120138
120139
120140
120141
120142
120143
120144
120145
120146
120147
120148
120149
120150
120151
120152
120153
120154
120155
120156
120157
120158
120159
120160
120161
120162
120163
120164
120165
120166
120167
120168
120169
120170
120171
120172
120173
120174
120175
120176
120177
120178
120179
120180
120181
120182
120183
120184
120185
120186
120187
120188
120189
120190
120191
120192
120193
120194
120195
120196
120197
120198
120199
120200
120201
120202
120203
120204
120205
120206
120207
120208
120209
120210
120211
120212
120213
120214
120215
120216
120217
120218
120219
120220
120221
120222
120223
120224
120225
120226
120227
120228
120229
120230
120231
120232
120233
120234
120235
120236
120237
120238
120239
120240
120241
120242
120243
120244
120245
120246
120247
120248
120249
120250
120251
120252
120253
120254
120255
120256
120257
120258
120259
120260
120261
120262
120263
120264
120265
120266
120267
120268
120269
120270
120271
120272
120273
120274
120275
120276
120277
120278
120279
120280
120281
120282
120283
120284
120285
120286
120287
120288
120289
120290
120291
120292
120293
120294
120295
120296
120297
120298
120299
120300
120301
120302
120303
120304
120305
120306
120307
120308
120309
120310
120311
120312
120313
120314
120315
120316
120317
120318
120319
120320
120321
120322
120323
120324
120325
120326
120327
120328
120329
120330
120331
120332
120333
120334
120335
120336
120337
120338
120339
120340
120341
120342
120343
120344
120345
120346
120347
120348
120349
120350
120351
120352
120353
120354
120355
120356
120357
120358
120359
120360
120361
120362
120363
120364
120365
120366
120367
120368
120369
120370
120371
120372
120373
120374
120375
120376
120377
120378
120379
120380
120381
120382
120383
120384
120385
120386
120387
120388
120389
120390
120391
120392
120393
120394
120395
120396
120397
120398
120399
120400
120401
120402
120403
120404
120405
120406
120407
120408
120409
120410
120411
120412
120413
120414
120415
120416
120417
120418
120419
120420
120421
120422
120423
120424
120425
120426
120427
120428
120429
120430
120431
120432
120433
120434
120435
120436
120437
120438
120439
120440
120441
120442
120443
120444
120445
120446
120447
